11
11
11
11
11
11
11
11
11
18
11
16
13
11
16
13
15
11
16
17
12
11
11
16
11
19
17
15
16
16
18
13
13
12
12
11
11
19
15
19
11
17
11
19
18
14
19
18
16
16
12
17
15
17
11
18
16
15
15
12
12
12
15
13
11
11
13
15
14
14
11
18
13
14
14
15
12
19
17
11
12
12
12
13
15
13
13
17
14
16
14
15
14
16
19
18
12
16
17
16
19
14
15
11
18
18
18
13
15
11
15
13
14
14
19
19
19
14
11
18
13
16
22
22
22
22
22
26
21
24
28
26
29
25
26
29
23
28
29
22
22
26
28
22
23
21
22
21
21
23
22
26
27
27
23
25
29
28
23
23
23
21
21
27
29
25
22
25
26
21
23
23
27
21
28
26
28
24
25
26
22
22
24
25
24
26
22
24
26
21
27
26
22
25
25
25
25
25
25
21
26
22
22
28
25
23
29
28
22
26
24
24
24
27
27
27
26
21
29
26
23
23
22
26
22
26
26
22
26
26
27
29
29
22
24
23
23
25
28
24
33
33
33
33
33
32
32
32
39
37
36
37
39
32
32
31
39
35
36
31
38
31
38
33
31
36
38
35
32
39
37
38
36
32
32
32
35
34
39
35
32
38
35
35
35
35
36
34
35
34
37
36
31
38
32
31
36
31
35
36
38
35
37
37
35
32
34
37
35
36
38
36
34
39
37
39
32
32
36
39
38
35
35
31
36
32
37
39
37
32
39
38
33
35
35
35
36
39
37
36
31
44
44
44
44
44
41
41
41
42
49
43
42
42
43
43
42
42
43
44
41
46
46
48
43
43
42
42
43
43
43
44
45
46
48
43
43
44
44
44
42
45
44
45
44
47
41
45
45
45
45
41
44
43
49
41
41
45
46
49
42
43
41
47
41
45
46
44
49
47
47
45
43
48
43
45
45
46
46
45
42
45
42
45
49
46
47
45
43
49
45
45
49
49
49
48
42
49
42
49
49
42
45
46
49
42
49
49
55
55
55
55
55
55
55
51
57
54
51
58
54
57
57
58
52
52
52
51
54
56
52
59
56
56
55
52
53
53
53
56
53
52
59
57
58
51
53
53
55
55
55
57
56
53
53
54
56
52
56
59
58
51
59
59
51
56
57
54
54
53
51
53
54
57
57
57
53
59
51
56
57
58
54
58
51
51
58
58
58
59
52
53
55
56
59
59
55
55
59
56
59
54
59
59
59
59
59
54
54
56
59
51
55
58
58
58
66
66
66
66
66
62
64
61
62
61
61
61
61
63
63
62
62
63
64
64
62
61
68
63
63
61
69
66
66
66
61
64
61
65
69
64
61
63
69
61
63
69
65
65
66
69
67
68
63
66
62
69
62
65
66
62
63
67
61
62
63
68
67
66
69
65
69
69
69
61
65
65
68
66
66
63
67
68
67
69
67
68
66
65
63
61
66
63
69
69
69
68
67
63
61
64
66
66
63
65
68
69
77
77
77
77
71
71
71
71
77
71
72
72
79
73
71
74
73
76
79
73
79
73
78
79
75
76
73
72
72
73
76
76
78
79
73
71
72
72
75
77
78
79
73
73
71
72
72
71
79
75
74
77
74
75
79
74
79
79
78
75
75
75
75
75
72
72
75
72
72
75
74
78
77
73
73
76
76
76
76
76
72
73
76
75
73
78
79
79
77
77
76
72
71
72
71
71
77
75
72
78
71
78
71
74
74
78
73
73
78
72
72
74
74
78
77
72
88
88
88
88
88
88
81
81
82
88
81
83
85
85
85
88
81
88
87
84
86
81
84
86
82
87
89
86
87
86
87
83
88
89
89
83
83
83
84
81
83
89
82
83
83
84
85
81
87
84
85
82
85
87
89
85
82
88
87
88
89
83
82
85
82
85
81
87
89
85
84
84
84
88
81
89
85
81
81
89
83
89
89
85
84
84
85
87
88
83
83
83
88
81
82
82
82
85
85
89
86
83
81
86
87
88
82
87
81
81
85
88
88
87
99
99
99
99
99
91
94
95
92
95
94
95
93
95
92
99
92
97
92
93
96
96
95
99
99
92
94
96
93
98
93
93
93
96
92
98
95
97
97
96
95
94
98
91
94
91
98
99
96
93
94
91
94
93
94
98
99
95
95
91
94
91
91
93
96
97
95
91
93
92
95
97
97
93
94
99
99
97
97
97
94
96
93
99
95
95
98
96
96
97
98
94
98
98
92
93
99
96
96
96
92
97
93
96
99
99
91
95
93
92
96
99